{
 "cells": [
  {
   "cell_type": "code",
   "execution_count": 1,
   "metadata": {},
   "outputs": [
    {
     "name": "stdout",
     "output_type": "stream",
     "text": [
      "Jupyter environment detected. Enabling Open3D WebVisualizer.\n",
      "[Open3D INFO] WebRTC GUI backend enabled.\n",
      "[Open3D INFO] WebRTCWindowSystem: HTTP handshake server disabled.\n",
      "orig_strawberry_points (893, 3)\n",
      "[Open3D WARNING] Read PLY failed: unable to open file: 8_April_2\\filtered_points_0030_0.ply\n",
      "Applied translation (tx, ty, tz): (np.float64(nan), np.float64(nan), np.float64(nan))\n",
      "Applied rotation (rx, ry, rz in degrees): (90, 0, 0)\n"
     ]
    },
    {
     "name": "stderr",
     "output_type": "stream",
     "text": [
      "c:\\Users\\Admin\\anaconda3\\envs\\realsense\\lib\\site-packages\\numpy\\_core\\fromnumeric.py:3596: RuntimeWarning: Mean of empty slice.\n",
      "  return _methods._mean(a, axis=axis, dtype=dtype,\n",
      "c:\\Users\\Admin\\anaconda3\\envs\\realsense\\lib\\site-packages\\numpy\\_core\\_methods.py:130: RuntimeWarning: invalid value encountered in divide\n",
      "  ret = um.true_divide(\n"
     ]
    },
    {
     "name": "stdout",
     "output_type": "stream",
     "text": [
      "[Open3D WARNING] The number of points is 0 when creating axis-aligned bounding box.\n",
      "Loading 8_April_2\\filtered_points_0015_1.ply\n",
      "Applied transformation:\n",
      " [[ 1.000000e+00  0.000000e+00  0.000000e+00  1.760000e-01]\n",
      " [ 0.000000e+00  6.123234e-17 -1.000000e+00 -4.000000e-03]\n",
      " [ 0.000000e+00  1.000000e+00  6.123234e-17  4.820000e-01]\n",
      " [ 0.000000e+00  0.000000e+00  0.000000e+00  1.000000e+00]]\n",
      "Updated visualizer with new title.\n",
      "Applied transformation:\n",
      " [[ 1.000000e+00  0.000000e+00  0.000000e+00  1.760000e-01]\n",
      " [ 0.000000e+00  6.123234e-17 -1.000000e+00 -4.000000e-03]\n",
      " [ 0.000000e+00  1.000000e+00  6.123234e-17  4.820000e-01]\n",
      " [ 0.000000e+00  0.000000e+00  0.000000e+00  1.000000e+00]]\n",
      "Applied transformation:\n",
      " [[ 1.000000e+00  0.000000e+00  0.000000e+00  1.760000e-01]\n",
      " [ 0.000000e+00  6.123234e-17 -1.000000e+00 -4.000000e-03]\n",
      " [ 0.000000e+00  1.000000e+00  6.123234e-17  4.820000e-01]\n",
      " [ 0.000000e+00  0.000000e+00  0.000000e+00  1.000000e+00]]\n",
      "Applied transformation:\n",
      " [[ 1.000000e+00  0.000000e+00  0.000000e+00  1.760000e-01]\n",
      " [ 0.000000e+00  6.123234e-17 -1.000000e+00 -4.000000e-03]\n",
      " [ 0.000000e+00  1.000000e+00  6.123234e-17  4.820000e-01]\n",
      " [ 0.000000e+00  0.000000e+00  0.000000e+00  1.000000e+00]]\n",
      "Applied transformation:\n",
      " [[ 1.000000e+00  0.000000e+00  0.000000e+00  1.760000e-01]\n",
      " [ 0.000000e+00  6.123234e-17 -1.000000e+00 -4.000000e-03]\n",
      " [ 0.000000e+00  1.000000e+00  6.123234e-17  4.820000e-01]\n",
      " [ 0.000000e+00  0.000000e+00  0.000000e+00  1.000000e+00]]\n",
      "Loading 8_April_2\\filtered_points_0015_2.ply\n",
      "Applied transformation:\n",
      " [[ 1.000000e+00  0.000000e+00  0.000000e+00 -1.080000e-01]\n",
      " [ 0.000000e+00  6.123234e-17 -1.000000e+00 -3.800000e-02]\n",
      " [ 0.000000e+00  1.000000e+00  6.123234e-17  4.400000e-01]\n",
      " [ 0.000000e+00  0.000000e+00  0.000000e+00  1.000000e+00]]\n",
      "Updated visualizer with new title.\n",
      "Applied transformation:\n",
      " [[ 1.000000e+00  0.000000e+00  0.000000e+00 -1.080000e-01]\n",
      " [ 0.000000e+00  6.123234e-17 -1.000000e+00 -3.800000e-02]\n",
      " [ 0.000000e+00  1.000000e+00  6.123234e-17  4.400000e-01]\n",
      " [ 0.000000e+00  0.000000e+00  0.000000e+00  1.000000e+00]]\n",
      "Applied transformation:\n",
      " [[ 1.000000e+00  0.000000e+00  0.000000e+00 -1.080000e-01]\n",
      " [ 0.000000e+00  6.123234e-17 -1.000000e+00 -3.800000e-02]\n",
      " [ 0.000000e+00  1.000000e+00  6.123234e-17  4.400000e-01]\n",
      " [ 0.000000e+00  0.000000e+00  0.000000e+00  1.000000e+00]]\n",
      "Applied transformation:\n",
      " [[ 1.000000e+00  0.000000e+00  0.000000e+00 -1.080000e-01]\n",
      " [ 0.000000e+00  6.123234e-17 -1.000000e+00 -3.800000e-02]\n",
      " [ 0.000000e+00  1.000000e+00  6.123234e-17  4.400000e-01]\n",
      " [ 0.000000e+00  0.000000e+00  0.000000e+00  1.000000e+00]]\n",
      "Loading 8_April_2\\filtered_points_0015_3.ply\n",
      "Applied transformation:\n",
      " [[ 1.000000e+00  0.000000e+00  0.000000e+00 -1.880000e-01]\n",
      " [ 0.000000e+00  6.123234e-17 -1.000000e+00  1.000000e-02]\n",
      " [ 0.000000e+00  1.000000e+00  6.123234e-17  4.320000e-01]\n",
      " [ 0.000000e+00  0.000000e+00  0.000000e+00  1.000000e+00]]\n",
      "Updated visualizer with new title.\n",
      "Applied transformation:\n",
      " [[ 1.000000e+00  0.000000e+00  0.000000e+00 -1.880000e-01]\n",
      " [ 0.000000e+00  6.123234e-17 -1.000000e+00  1.000000e-02]\n",
      " [ 0.000000e+00  1.000000e+00  6.123234e-17  4.320000e-01]\n",
      " [ 0.000000e+00  0.000000e+00  0.000000e+00  1.000000e+00]]\n",
      "Applied transformation:\n",
      " [[ 1.000000e+00  0.000000e+00  0.000000e+00 -1.880000e-01]\n",
      " [ 0.000000e+00  6.123234e-17 -1.000000e+00  1.000000e-02]\n",
      " [ 0.000000e+00  1.000000e+00  6.123234e-17  4.320000e-01]\n",
      " [ 0.000000e+00  0.000000e+00  0.000000e+00  1.000000e+00]]\n",
      "Applied transformation:\n",
      " [[ 1.000000e+00  0.000000e+00  0.000000e+00 -1.880000e-01]\n",
      " [ 0.000000e+00  6.123234e-17 -1.000000e+00  1.000000e-02]\n",
      " [ 0.000000e+00  1.000000e+00  6.123234e-17  4.320000e-01]\n",
      " [ 0.000000e+00  0.000000e+00  0.000000e+00  1.000000e+00]]\n",
      "Loading 8_April_2\\filtered_points_0045_0.ply\n",
      "Applied transformation:\n",
      " [[ 1.000000e+00  0.000000e+00  0.000000e+00  5.000000e-02]\n",
      " [ 0.000000e+00  6.123234e-17 -1.000000e+00  8.000000e-03]\n",
      " [ 0.000000e+00  1.000000e+00  6.123234e-17  2.660000e-01]\n",
      " [ 0.000000e+00  0.000000e+00  0.000000e+00  1.000000e+00]]\n",
      "Updated visualizer with new title.\n",
      "Applied transformation:\n",
      " [[ 1.000000e+00  0.000000e+00  0.000000e+00  5.000000e-02]\n",
      " [ 0.000000e+00  6.123234e-17 -1.000000e+00  8.000000e-03]\n",
      " [ 0.000000e+00  1.000000e+00  6.123234e-17  2.660000e-01]\n",
      " [ 0.000000e+00  0.000000e+00  0.000000e+00  1.000000e+00]]\n",
      "Applied transformation:\n",
      " [[ 1.000000e+00  0.000000e+00  0.000000e+00  5.000000e-02]\n",
      " [ 0.000000e+00  6.123234e-17 -1.000000e+00  8.000000e-03]\n",
      " [ 0.000000e+00  1.000000e+00  6.123234e-17  2.660000e-01]\n",
      " [ 0.000000e+00  0.000000e+00  0.000000e+00  1.000000e+00]]\n",
      "Applied transformation:\n",
      " [[ 1.000000e+00  0.000000e+00  0.000000e+00  5.000000e-02]\n",
      " [ 0.000000e+00  6.123234e-17 -1.000000e+00  8.000000e-03]\n",
      " [ 0.000000e+00  1.000000e+00  6.123234e-17  2.660000e-01]\n",
      " [ 0.000000e+00  0.000000e+00  0.000000e+00  1.000000e+00]]\n",
      "Loading 8_April_2\\filtered_points_0045_1.ply\n",
      "Applied transformation:\n",
      " [[ 1.000000e+00  0.000000e+00  0.000000e+00 -2.600000e-02]\n",
      " [ 0.000000e+00  6.123234e-17 -1.000000e+00 -4.000000e-03]\n",
      " [ 0.000000e+00  1.000000e+00  6.123234e-17  2.900000e-01]\n",
      " [ 0.000000e+00  0.000000e+00  0.000000e+00  1.000000e+00]]\n",
      "Updated visualizer with new title.\n",
      "Applied transformation:\n",
      " [[ 1.000000e+00  0.000000e+00  0.000000e+00 -2.600000e-02]\n",
      " [ 0.000000e+00  6.123234e-17 -1.000000e+00 -4.000000e-03]\n",
      " [ 0.000000e+00  1.000000e+00  6.123234e-17  2.900000e-01]\n",
      " [ 0.000000e+00  0.000000e+00  0.000000e+00  1.000000e+00]]\n",
      "Applied transformation:\n",
      " [[ 1.000000e+00  0.000000e+00  0.000000e+00 -2.600000e-02]\n",
      " [ 0.000000e+00  6.123234e-17 -1.000000e+00 -4.000000e-03]\n",
      " [ 0.000000e+00  1.000000e+00  6.123234e-17  2.900000e-01]\n",
      " [ 0.000000e+00  0.000000e+00  0.000000e+00  1.000000e+00]]\n",
      "Applied transformation:\n",
      " [[ 1.000000e+00  0.000000e+00  0.000000e+00 -2.600000e-02]\n",
      " [ 0.000000e+00  6.123234e-17 -1.000000e+00 -4.000000e-03]\n",
      " [ 0.000000e+00  1.000000e+00  6.123234e-17  2.900000e-01]\n",
      " [ 0.000000e+00  0.000000e+00  0.000000e+00  1.000000e+00]]\n",
      "Loading 8_April_2\\filtered_points_0045_2.ply\n",
      "Applied transformation:\n",
      " [[ 1.000000e+00  0.000000e+00  0.000000e+00 -1.060000e-01]\n",
      " [ 0.000000e+00  6.123234e-17 -1.000000e+00  4.400000e-02]\n",
      " [ 0.000000e+00  1.000000e+00  6.123234e-17  2.900000e-01]\n",
      " [ 0.000000e+00  0.000000e+00  0.000000e+00  1.000000e+00]]\n",
      "Updated visualizer with new title.\n",
      "Applied transformation:\n",
      " [[ 1.000000e+00  0.000000e+00  0.000000e+00 -1.060000e-01]\n",
      " [ 0.000000e+00  6.123234e-17 -1.000000e+00  4.400000e-02]\n",
      " [ 0.000000e+00  1.000000e+00  6.123234e-17  2.900000e-01]\n",
      " [ 0.000000e+00  0.000000e+00  0.000000e+00  1.000000e+00]]\n",
      "Applied transformation:\n",
      " [[ 1.000000e+00  0.000000e+00  0.000000e+00 -1.060000e-01]\n",
      " [ 0.000000e+00  6.123234e-17 -1.000000e+00  4.400000e-02]\n",
      " [ 0.000000e+00  1.000000e+00  6.123234e-17  2.900000e-01]\n",
      " [ 0.000000e+00  0.000000e+00  0.000000e+00  1.000000e+00]]\n",
      "Applied transformation:\n",
      " [[ 9.99390827e-01  0.00000000e+00  3.48994967e-02 -1.06000000e-01]\n",
      " [ 3.48994967e-02  6.12323400e-17 -9.99390827e-01  4.40000000e-02]\n",
      " [-2.13697785e-18  1.00000000e+00  6.11950389e-17  2.90000000e-01]\n",
      " [ 0.00000000e+00  0.00000000e+00  0.00000000e+00  1.00000000e+00]]\n",
      "Applied transformation:\n",
      " [[ 9.96917334e-01  0.00000000e+00  7.84590957e-02 -1.06000000e-01]\n",
      " [ 7.84590957e-02  6.12323400e-17 -9.96917334e-01  4.40000000e-02]\n",
      " [-4.80423402e-18  1.00000000e+00  6.10435811e-17  2.90000000e-01]\n",
      " [ 0.00000000e+00  0.00000000e+00  0.00000000e+00  1.00000000e+00]]\n",
      "Applied transformation:\n",
      " [[ 9.89015863e-01  0.00000000e+00  1.47809411e-01 -1.06000000e-01]\n",
      " [ 1.47809411e-01  6.12323400e-17 -9.89015863e-01  4.40000000e-02]\n",
      " [-9.05071611e-18  1.00000000e+00  6.05597556e-17  2.90000000e-01]\n",
      " [ 0.00000000e+00  0.00000000e+00  0.00000000e+00  1.00000000e+00]]\n",
      "Applied transformation:\n",
      " [[ 9.83254908e-01  0.00000000e+00  1.82235525e-01 -1.06000000e-01]\n",
      " [ 1.82235525e-01  6.12323400e-17 -9.83254908e-01  4.40000000e-02]\n",
      " [-1.11587076e-17  1.00000000e+00  6.02069988e-17  2.90000000e-01]\n",
      " [ 0.00000000e+00  0.00000000e+00  0.00000000e+00  1.00000000e+00]]\n",
      "Applied transformation:\n",
      " [[ 9.65925826e-01  0.00000000e+00  2.58819045e-01 -1.06000000e-01]\n",
      " [ 2.58819045e-01  6.12323400e-17 -9.65925826e-01  4.40000000e-02]\n",
      " [-1.58480958e-17  1.00000000e+00  5.91458986e-17  2.90000000e-01]\n",
      " [ 0.00000000e+00  0.00000000e+00  0.00000000e+00  1.00000000e+00]]\n",
      "Applied transformation:\n",
      " [[ 9.56304756e-01  0.00000000e+00  2.92371705e-01 -1.06000000e-01]\n",
      " [ 2.92371705e-01  6.12323400e-17 -9.56304756e-01  4.40000000e-02]\n",
      " [-1.79026036e-17  1.00000000e+00  5.85567779e-17  2.90000000e-01]\n",
      " [ 0.00000000e+00  0.00000000e+00  0.00000000e+00  1.00000000e+00]]\n",
      "Applied transformation:\n",
      " [[ 9.42641491e-01  0.00000000e+00  3.33806859e-01 -1.06000000e-01]\n",
      " [ 3.33806859e-01  6.12323400e-17 -9.42641491e-01  4.40000000e-02]\n",
      " [-2.04397751e-17  1.00000000e+00  5.77201442e-17  2.90000000e-01]\n",
      " [ 0.00000000e+00  0.00000000e+00  0.00000000e+00  1.00000000e+00]]\n",
      "Applied transformation:\n",
      " [[ 9.17060074e-01  0.00000000e+00  3.98749069e-01 -1.06000000e-01]\n",
      " [ 3.98749069e-01  6.12323400e-17 -9.17060074e-01  4.40000000e-02]\n",
      " [-2.44163385e-17  1.00000000e+00  5.61537342e-17  2.90000000e-01]\n",
      " [ 0.00000000e+00  0.00000000e+00  0.00000000e+00  1.00000000e+00]]\n",
      "Applied transformation:\n",
      " [[ 9.02585284e-01  0.00000000e+00  4.30511097e-01 -1.06000000e-01]\n",
      " [ 4.30511097e-01  6.12323400e-17 -9.02585284e-01  4.40000000e-02]\n",
      " [-2.63612018e-17  1.00000000e+00  5.52674090e-17  2.90000000e-01]\n",
      " [ 0.00000000e+00  0.00000000e+00  0.00000000e+00  1.00000000e+00]]\n",
      "Applied transformation:\n",
      " [[ 8.66025404e-01  0.00000000e+00  5.00000000e-01 -1.06000000e-01]\n",
      " [ 5.00000000e-01  6.12323400e-17 -8.66025404e-01  4.40000000e-02]\n",
      " [-3.06161700e-17  1.00000000e+00  5.30287619e-17  2.90000000e-01]\n",
      " [ 0.00000000e+00  0.00000000e+00  0.00000000e+00  1.00000000e+00]]\n",
      "Applied transformation:\n",
      " [[ 8.48048096e-01  0.00000000e+00  5.29919264e-01 -1.06000000e-01]\n",
      " [ 5.29919264e-01  6.12323400e-17 -8.48048096e-01  4.40000000e-02]\n",
      " [-3.24481965e-17  1.00000000e+00  5.19279693e-17  2.90000000e-01]\n",
      " [ 0.00000000e+00  0.00000000e+00  0.00000000e+00  1.00000000e+00]]\n",
      "Applied transformation:\n",
      " [[ 8.24126189e-01  0.00000000e+00  5.66406237e-01 -1.06000000e-01]\n",
      " [ 5.66406237e-01  6.12323400e-17 -8.24126189e-01  4.40000000e-02]\n",
      " [-3.46823793e-17  1.00000000e+00  5.04631749e-17  2.90000000e-01]\n",
      " [ 0.00000000e+00  0.00000000e+00  0.00000000e+00  1.00000000e+00]]\n",
      "Applied transformation:\n",
      " [[ 7.82608157e-01  0.00000000e+00  6.22514637e-01 -1.06000000e-01]\n",
      " [ 6.22514637e-01  6.12323400e-17 -7.82608157e-01  4.40000000e-02]\n",
      " [-3.81180279e-17  1.00000000e+00  4.79209287e-17  2.90000000e-01]\n",
      " [ 0.00000000e+00  0.00000000e+00  0.00000000e+00  1.00000000e+00]]\n",
      "Applied transformation:\n",
      " [[ 7.60405966e-01  0.00000000e+00  6.49448048e-01 -1.06000000e-01]\n",
      " [ 6.49448048e-01  6.12323400e-17 -7.60405966e-01  4.40000000e-02]\n",
      " [-3.97672237e-17  1.00000000e+00  4.65614366e-17  2.90000000e-01]\n",
      " [ 0.00000000e+00  0.00000000e+00  0.00000000e+00  1.00000000e+00]]\n",
      "Applied transformation:\n",
      " [[ 7.07106781e-01  0.00000000e+00  7.07106781e-01 -1.06000000e-01]\n",
      " [ 7.07106781e-01  6.12323400e-17 -7.07106781e-01  4.40000000e-02]\n",
      " [-4.32978028e-17  1.00000000e+00  4.32978028e-17  2.90000000e-01]\n",
      " [ 0.00000000e+00  0.00000000e+00  0.00000000e+00  1.00000000e+00]]\n",
      "Applied transformation:\n",
      " [[ 6.81998360e-01  0.00000000e+00  7.31353702e-01 -1.06000000e-01]\n",
      " [ 7.31353702e-01  6.12323400e-17 -6.81998360e-01  4.40000000e-02]\n",
      " [-4.47824985e-17  1.00000000e+00  4.17603554e-17  2.90000000e-01]\n",
      " [ 0.00000000e+00  0.00000000e+00  0.00000000e+00  1.00000000e+00]]\n",
      "Applied transformation:\n",
      " [[ 6.22514637e-01  0.00000000e+00  7.82608157e-01 -1.06000000e-01]\n",
      " [ 7.82608157e-01  6.12323400e-17 -6.22514637e-01  4.40000000e-02]\n",
      " [-4.79209287e-17  1.00000000e+00  3.81180279e-17  2.90000000e-01]\n",
      " [ 0.00000000e+00  0.00000000e+00  0.00000000e+00  1.00000000e+00]]\n",
      "Applied transformation:\n",
      " [[ 5.94822787e-01  0.00000000e+00  8.03856861e-01 -1.06000000e-01]\n",
      " [ 8.03856861e-01  6.12323400e-17 -5.94822787e-01  4.40000000e-02]\n",
      " [-4.92220366e-17  1.00000000e+00  3.64223911e-17  2.90000000e-01]\n",
      " [ 0.00000000e+00  0.00000000e+00  0.00000000e+00  1.00000000e+00]]\n",
      "Applied transformation:\n",
      " [[ 5.66406237e-01  0.00000000e+00  8.24126189e-01 -1.06000000e-01]\n",
      " [ 8.24126189e-01  6.12323400e-17 -5.66406237e-01  4.40000000e-02]\n",
      " [-5.04631749e-17  1.00000000e+00  3.46823793e-17  2.90000000e-01]\n",
      " [ 0.00000000e+00  0.00000000e+00  0.00000000e+00  1.00000000e+00]]\n",
      "Applied transformation:\n",
      " [[ 5.00000000e-01  0.00000000e+00  8.66025404e-01 -1.06000000e-01]\n",
      " [ 8.66025404e-01  6.12323400e-17 -5.00000000e-01  4.40000000e-02]\n",
      " [-5.30287619e-17  1.00000000e+00  3.06161700e-17  2.90000000e-01]\n",
      " [ 0.00000000e+00  0.00000000e+00  0.00000000e+00  1.00000000e+00]]\n",
      "Applied transformation:\n",
      " [[ 4.69471563e-01  0.00000000e+00  8.82947593e-01 -1.06000000e-01]\n",
      " [ 8.82947593e-01  6.12323400e-17 -4.69471563e-01  4.40000000e-02]\n",
      " [-5.40649472e-17  1.00000000e+00  2.87468423e-17  2.90000000e-01]\n",
      " [ 0.00000000e+00  0.00000000e+00  0.00000000e+00  1.00000000e+00]]\n",
      "Applied transformation:\n",
      " [[ 3.98749069e-01  0.00000000e+00  9.17060074e-01 -1.06000000e-01]\n",
      " [ 9.17060074e-01  6.12323400e-17 -3.98749069e-01  4.40000000e-02]\n",
      " [-5.61537342e-17  1.00000000e+00  2.44163385e-17  2.90000000e-01]\n",
      " [ 0.00000000e+00  0.00000000e+00  0.00000000e+00  1.00000000e+00]]\n",
      "Applied transformation:\n",
      " [[ 3.66501227e-01  0.00000000e+00  9.30417568e-01 -1.06000000e-01]\n",
      " [ 9.30417568e-01  6.12323400e-17 -3.66501227e-01  4.40000000e-02]\n",
      " [-5.69716448e-17  1.00000000e+00  2.24417277e-17  2.90000000e-01]\n",
      " [ 0.00000000e+00  0.00000000e+00  0.00000000e+00  1.00000000e+00]]\n",
      "Applied transformation:\n",
      " [[ 2.92371705e-01  0.00000000e+00  9.56304756e-01 -1.06000000e-01]\n",
      " [ 9.56304756e-01  6.12323400e-17 -2.92371705e-01  4.40000000e-02]\n",
      " [-5.85567779e-17  1.00000000e+00  1.79026036e-17  2.90000000e-01]\n",
      " [ 0.00000000e+00  0.00000000e+00  0.00000000e+00  1.00000000e+00]]\n",
      "Applied transformation:\n",
      " [[ 2.58819045e-01  0.00000000e+00  9.65925826e-01 -1.06000000e-01]\n",
      " [ 9.65925826e-01  6.12323400e-17 -2.58819045e-01  4.40000000e-02]\n",
      " [-5.91458986e-17  1.00000000e+00  1.58480958e-17  2.90000000e-01]\n",
      " [ 0.00000000e+00  0.00000000e+00  0.00000000e+00  1.00000000e+00]]\n",
      "Applied transformation:\n",
      " [[ 2.24951054e-01  0.00000000e+00  9.74370065e-01 -1.06000000e-01]\n",
      " [ 9.74370065e-01  6.12323400e-17 -2.24951054e-01  4.40000000e-02]\n",
      " [-5.96629591e-17  1.00000000e+00  1.37742794e-17  2.90000000e-01]\n",
      " [ 0.00000000e+00  0.00000000e+00  0.00000000e+00  1.00000000e+00]]\n",
      "Applied transformation:\n",
      " [[ 1.47809411e-01  0.00000000e+00  9.89015863e-01 -1.06000000e-01]\n",
      " [ 9.89015863e-01  6.12323400e-17 -1.47809411e-01  4.40000000e-02]\n",
      " [-6.05597556e-17  1.00000000e+00  9.05071611e-18  2.90000000e-01]\n",
      " [ 0.00000000e+00  0.00000000e+00  0.00000000e+00  1.00000000e+00]]\n",
      "Applied transformation:\n",
      " [[ 1.13203214e-01  0.00000000e+00  9.93571856e-01 -1.06000000e-01]\n",
      " [ 9.93571856e-01  6.12323400e-17 -1.13203214e-01  4.40000000e-02]\n",
      " [-6.08387296e-17  1.00000000e+00  6.93169767e-18  2.90000000e-01]\n",
      " [ 0.00000000e+00  0.00000000e+00  0.00000000e+00  1.00000000e+00]]\n",
      "Applied transformation:\n",
      " [[ 3.48994967e-02  0.00000000e+00  9.99390827e-01 -1.06000000e-01]\n",
      " [ 9.99390827e-01  6.12323400e-17 -3.48994967e-02  4.40000000e-02]\n",
      " [-6.11950389e-17  1.00000000e+00  2.13697785e-18  2.90000000e-01]\n",
      " [ 0.00000000e+00  0.00000000e+00  0.00000000e+00  1.00000000e+00]]\n",
      "Applied transformation:\n",
      " [[ 6.12323400e-17  0.00000000e+00  1.00000000e+00 -1.06000000e-01]\n",
      " [ 1.00000000e+00  6.12323400e-17 -6.12323400e-17  4.40000000e-02]\n",
      " [-6.12323400e-17  1.00000000e+00  3.74939946e-33  2.90000000e-01]\n",
      " [ 0.00000000e+00  0.00000000e+00  0.00000000e+00  1.00000000e+00]]\n",
      "Applied transformation:\n",
      " [[-7.84590957e-02  0.00000000e+00  9.96917334e-01 -1.06000000e-01]\n",
      " [ 9.96917334e-01  6.12323400e-17  7.84590957e-02  4.40000000e-02]\n",
      " [-6.10435811e-17  1.00000000e+00 -4.80423402e-18  2.90000000e-01]\n",
      " [ 0.00000000e+00  0.00000000e+00  0.00000000e+00  1.00000000e+00]]\n",
      "Applied transformation:\n",
      " [[-1.13203214e-01  0.00000000e+00  9.93571856e-01 -1.06000000e-01]\n",
      " [ 9.93571856e-01  6.12323400e-17  1.13203214e-01  4.40000000e-02]\n",
      " [-6.08387296e-17  1.00000000e+00 -6.93169767e-18  2.90000000e-01]\n",
      " [ 0.00000000e+00  0.00000000e+00  0.00000000e+00  1.00000000e+00]]\n",
      "Applied transformation:\n",
      " [[-1.47809411e-01  0.00000000e+00  9.89015863e-01 -1.06000000e-01]\n",
      " [ 9.89015863e-01  6.12323400e-17  1.47809411e-01  4.40000000e-02]\n",
      " [-6.05597556e-17  1.00000000e+00 -9.05071611e-18  2.90000000e-01]\n",
      " [ 0.00000000e+00  0.00000000e+00  0.00000000e+00  1.00000000e+00]]\n",
      "Applied transformation:\n",
      " [[-2.24951054e-01  0.00000000e+00  9.74370065e-01 -1.06000000e-01]\n",
      " [ 9.74370065e-01  6.12323400e-17  2.24951054e-01  4.40000000e-02]\n",
      " [-5.96629591e-17  1.00000000e+00 -1.37742794e-17  2.90000000e-01]\n",
      " [ 0.00000000e+00  0.00000000e+00  0.00000000e+00  1.00000000e+00]]\n",
      "Applied transformation:\n",
      " [[-2.58819045e-01  0.00000000e+00  9.65925826e-01 -1.06000000e-01]\n",
      " [ 9.65925826e-01  6.12323400e-17  2.58819045e-01  4.40000000e-02]\n",
      " [-5.91458986e-17  1.00000000e+00 -1.58480958e-17  2.90000000e-01]\n",
      " [ 0.00000000e+00  0.00000000e+00  0.00000000e+00  1.00000000e+00]]\n",
      "Applied transformation:\n",
      " [[-3.33806859e-01  0.00000000e+00  9.42641491e-01 -1.06000000e-01]\n",
      " [ 9.42641491e-01  6.12323400e-17  3.33806859e-01  4.40000000e-02]\n",
      " [-5.77201442e-17  1.00000000e+00 -2.04397751e-17  2.90000000e-01]\n",
      " [ 0.00000000e+00  0.00000000e+00  0.00000000e+00  1.00000000e+00]]\n",
      "Applied transformation:\n",
      " [[-3.66501227e-01  0.00000000e+00  9.30417568e-01 -1.06000000e-01]\n",
      " [ 9.30417568e-01  6.12323400e-17  3.66501227e-01  4.40000000e-02]\n",
      " [-5.69716448e-17  1.00000000e+00 -2.24417277e-17  2.90000000e-01]\n",
      " [ 0.00000000e+00  0.00000000e+00  0.00000000e+00  1.00000000e+00]]\n",
      "Applied transformation:\n",
      " [[-2.92371705e-01  0.00000000e+00  9.56304756e-01 -1.06000000e-01]\n",
      " [ 9.56304756e-01  6.12323400e-17  2.92371705e-01  4.40000000e-02]\n",
      " [-5.85567779e-17  1.00000000e+00 -1.79026036e-17  2.90000000e-01]\n",
      " [ 0.00000000e+00  0.00000000e+00  0.00000000e+00  1.00000000e+00]]\n",
      "Applied transformation:\n",
      " [[-2.58819045e-01  0.00000000e+00  9.65925826e-01 -1.06000000e-01]\n",
      " [ 9.65925826e-01  6.12323400e-17  2.58819045e-01  4.40000000e-02]\n",
      " [-5.91458986e-17  1.00000000e+00 -1.58480958e-17  2.90000000e-01]\n",
      " [ 0.00000000e+00  0.00000000e+00  0.00000000e+00  1.00000000e+00]]\n",
      "Applied transformation:\n",
      " [[-1.82235525e-01  0.00000000e+00  9.83254908e-01 -1.06000000e-01]\n",
      " [ 9.83254908e-01  6.12323400e-17  1.82235525e-01  4.40000000e-02]\n",
      " [-6.02069988e-17  1.00000000e+00 -1.11587076e-17  2.90000000e-01]\n",
      " [ 0.00000000e+00  0.00000000e+00  0.00000000e+00  1.00000000e+00]]\n",
      "Applied transformation:\n",
      " [[-1.47809411e-01  0.00000000e+00  9.89015863e-01 -1.06000000e-01]\n",
      " [ 9.89015863e-01  6.12323400e-17  1.47809411e-01  4.40000000e-02]\n",
      " [-6.05597556e-17  1.00000000e+00 -9.05071611e-18  2.90000000e-01]\n",
      " [ 0.00000000e+00  0.00000000e+00  0.00000000e+00  1.00000000e+00]]\n",
      "Applied transformation:\n",
      " [[-1.13203214e-01  0.00000000e+00  9.93571856e-01 -1.06000000e-01]\n",
      " [ 9.93571856e-01  6.12323400e-17  1.13203214e-01  4.40000000e-02]\n",
      " [-6.08387296e-17  1.00000000e+00 -6.93169767e-18  2.90000000e-01]\n",
      " [ 0.00000000e+00  0.00000000e+00  0.00000000e+00  1.00000000e+00]]\n",
      "Applied transformation:\n",
      " [[ 3.48994967e-02  0.00000000e+00  9.99390827e-01 -1.06000000e-01]\n",
      " [ 9.99390827e-01  6.12323400e-17 -3.48994967e-02  4.40000000e-02]\n",
      " [-6.11950389e-17  1.00000000e+00  2.13697785e-18  2.90000000e-01]\n",
      " [ 0.00000000e+00  0.00000000e+00  0.00000000e+00  1.00000000e+00]]\n",
      "Applied transformation:\n",
      " [[ 7.84590957e-02  0.00000000e+00  9.96917334e-01 -1.06000000e-01]\n",
      " [ 9.96917334e-01  6.12323400e-17 -7.84590957e-02  4.40000000e-02]\n",
      " [-6.10435811e-17  1.00000000e+00  4.80423402e-18  2.90000000e-01]\n",
      " [ 0.00000000e+00  0.00000000e+00  0.00000000e+00  1.00000000e+00]]\n",
      "Applied transformation:\n",
      " [[ 1.13203214e-01  0.00000000e+00  9.93571856e-01 -1.06000000e-01]\n",
      " [ 9.93571856e-01  6.12323400e-17 -1.13203214e-01  4.40000000e-02]\n",
      " [-6.08387296e-17  1.00000000e+00  6.93169767e-18  2.90000000e-01]\n",
      " [ 0.00000000e+00  0.00000000e+00  0.00000000e+00  1.00000000e+00]]\n",
      "Applied transformation:\n",
      " [[ 1.82235525e-01  0.00000000e+00  9.83254908e-01 -1.06000000e-01]\n",
      " [ 9.83254908e-01  6.12323400e-17 -1.82235525e-01  4.40000000e-02]\n",
      " [-6.02069988e-17  1.00000000e+00  1.11587076e-17  2.90000000e-01]\n",
      " [ 0.00000000e+00  0.00000000e+00  0.00000000e+00  1.00000000e+00]]\n",
      "Applied transformation:\n",
      " [[ 2.24951054e-01  0.00000000e+00  9.74370065e-01 -1.06000000e-01]\n",
      " [ 9.74370065e-01  6.12323400e-17 -2.24951054e-01  4.40000000e-02]\n",
      " [-5.96629591e-17  1.00000000e+00  1.37742794e-17  2.90000000e-01]\n",
      " [ 0.00000000e+00  0.00000000e+00  0.00000000e+00  1.00000000e+00]]\n",
      "Applied transformation:\n",
      " [[ 2.92371705e-01  0.00000000e+00  9.56304756e-01 -1.06000000e-01]\n",
      " [ 9.56304756e-01  6.12323400e-17 -2.92371705e-01  4.40000000e-02]\n",
      " [-5.85567779e-17  1.00000000e+00  1.79026036e-17  2.90000000e-01]\n",
      " [ 0.00000000e+00  0.00000000e+00  0.00000000e+00  1.00000000e+00]]\n",
      "Applied transformation:\n",
      " [[ 3.33806859e-01  0.00000000e+00  9.42641491e-01 -1.06000000e-01]\n",
      " [ 9.42641491e-01  6.12323400e-17 -3.33806859e-01  4.40000000e-02]\n",
      " [-5.77201442e-17  1.00000000e+00  2.04397751e-17  2.90000000e-01]\n",
      " [ 0.00000000e+00  0.00000000e+00  0.00000000e+00  1.00000000e+00]]\n",
      "Applied transformation:\n",
      " [[ 4.30511097e-01  0.00000000e+00  9.02585284e-01 -1.06000000e-01]\n",
      " [ 9.02585284e-01  6.12323400e-17 -4.30511097e-01  4.40000000e-02]\n",
      " [-5.52674090e-17  1.00000000e+00  2.63612018e-17  2.90000000e-01]\n",
      " [ 0.00000000e+00  0.00000000e+00  0.00000000e+00  1.00000000e+00]]\n",
      "Applied transformation:\n",
      " [[ 5.00000000e-01  0.00000000e+00  8.66025404e-01 -1.06000000e-01]\n",
      " [ 8.66025404e-01  6.12323400e-17 -5.00000000e-01  4.40000000e-02]\n",
      " [-5.30287619e-17  1.00000000e+00  3.06161700e-17  2.90000000e-01]\n",
      " [ 0.00000000e+00  0.00000000e+00  0.00000000e+00  1.00000000e+00]]\n",
      "Applied transformation:\n",
      " [[ 5.29919264e-01  0.00000000e+00  8.48048096e-01 -1.06000000e-01]\n",
      " [ 8.48048096e-01  6.12323400e-17 -5.29919264e-01  4.40000000e-02]\n",
      " [-5.19279693e-17  1.00000000e+00  3.24481965e-17  2.90000000e-01]\n",
      " [ 0.00000000e+00  0.00000000e+00  0.00000000e+00  1.00000000e+00]]\n",
      "Applied transformation:\n",
      " [[ 5.66406237e-01  0.00000000e+00  8.24126189e-01 -1.06000000e-01]\n",
      " [ 8.24126189e-01  6.12323400e-17 -5.66406237e-01  4.40000000e-02]\n",
      " [-5.04631749e-17  1.00000000e+00  3.46823793e-17  2.90000000e-01]\n",
      " [ 0.00000000e+00  0.00000000e+00  0.00000000e+00  1.00000000e+00]]\n",
      "Applied transformation:\n",
      " [[ 6.22514637e-01  0.00000000e+00  7.82608157e-01 -1.06000000e-01]\n",
      " [ 7.82608157e-01  6.12323400e-17 -6.22514637e-01  4.40000000e-02]\n",
      " [-4.79209287e-17  1.00000000e+00  3.81180279e-17  2.90000000e-01]\n",
      " [ 0.00000000e+00  0.00000000e+00  0.00000000e+00  1.00000000e+00]]\n",
      "Applied transformation:\n",
      " [[ 7.07106781e-01  0.00000000e+00  7.07106781e-01 -1.06000000e-01]\n",
      " [ 7.07106781e-01  6.12323400e-17 -7.07106781e-01  4.40000000e-02]\n",
      " [-4.32978028e-17  1.00000000e+00  4.32978028e-17  2.90000000e-01]\n",
      " [ 0.00000000e+00  0.00000000e+00  0.00000000e+00  1.00000000e+00]]\n",
      "Applied transformation:\n",
      " [[ 7.31353702e-01  0.00000000e+00  6.81998360e-01 -1.06000000e-01]\n",
      " [ 6.81998360e-01  6.12323400e-17 -7.31353702e-01  4.40000000e-02]\n",
      " [-4.17603554e-17  1.00000000e+00  4.47824985e-17  2.90000000e-01]\n",
      " [ 0.00000000e+00  0.00000000e+00  0.00000000e+00  1.00000000e+00]]\n",
      "Applied transformation:\n",
      " [[ 7.82608157e-01  0.00000000e+00  6.22514637e-01 -1.06000000e-01]\n",
      " [ 6.22514637e-01  6.12323400e-17 -7.82608157e-01  4.40000000e-02]\n",
      " [-3.81180279e-17  1.00000000e+00  4.79209287e-17  2.90000000e-01]\n",
      " [ 0.00000000e+00  0.00000000e+00  0.00000000e+00  1.00000000e+00]]\n",
      "Applied transformation:\n",
      " [[ 8.03856861e-01  0.00000000e+00  5.94822787e-01 -1.06000000e-01]\n",
      " [ 5.94822787e-01  6.12323400e-17 -8.03856861e-01  4.40000000e-02]\n",
      " [-3.64223911e-17  1.00000000e+00  4.92220366e-17  2.90000000e-01]\n",
      " [ 0.00000000e+00  0.00000000e+00  0.00000000e+00  1.00000000e+00]]\n",
      "Applied transformation:\n",
      " [[ 8.48048096e-01  0.00000000e+00  5.29919264e-01 -1.06000000e-01]\n",
      " [ 5.29919264e-01  6.12323400e-17 -8.48048096e-01  4.40000000e-02]\n",
      " [-3.24481965e-17  1.00000000e+00  5.19279693e-17  2.90000000e-01]\n",
      " [ 0.00000000e+00  0.00000000e+00  0.00000000e+00  1.00000000e+00]]\n",
      "Applied transformation:\n",
      " [[ 8.66025404e-01  0.00000000e+00  5.00000000e-01 -1.06000000e-01]\n",
      " [ 5.00000000e-01  6.12323400e-17 -8.66025404e-01  4.40000000e-02]\n",
      " [-3.06161700e-17  1.00000000e+00  5.30287619e-17  2.90000000e-01]\n",
      " [ 0.00000000e+00  0.00000000e+00  0.00000000e+00  1.00000000e+00]]\n",
      "Applied transformation:\n",
      " [[ 8.82947593e-01  0.00000000e+00  4.69471563e-01 -1.06000000e-01]\n",
      " [ 4.69471563e-01  6.12323400e-17 -8.82947593e-01  4.40000000e-02]\n",
      " [-2.87468423e-17  1.00000000e+00  5.40649472e-17  2.90000000e-01]\n",
      " [ 0.00000000e+00  0.00000000e+00  0.00000000e+00  1.00000000e+00]]\n",
      "Applied transformation:\n",
      " [[ 9.17060074e-01  0.00000000e+00  3.98749069e-01 -1.06000000e-01]\n",
      " [ 3.98749069e-01  6.12323400e-17 -9.17060074e-01  4.40000000e-02]\n",
      " [-2.44163385e-17  1.00000000e+00  5.61537342e-17  2.90000000e-01]\n",
      " [ 0.00000000e+00  0.00000000e+00  0.00000000e+00  1.00000000e+00]]\n",
      "Applied transformation:\n",
      " [[ 9.56304756e-01  0.00000000e+00  2.92371705e-01 -1.06000000e-01]\n",
      " [ 2.92371705e-01  6.12323400e-17 -9.56304756e-01  4.40000000e-02]\n",
      " [-1.79026036e-17  1.00000000e+00  5.85567779e-17  2.90000000e-01]\n",
      " [ 0.00000000e+00  0.00000000e+00  0.00000000e+00  1.00000000e+00]]\n",
      "Applied transformation:\n",
      " [[ 9.65925826e-01  0.00000000e+00  2.58819045e-01 -1.06000000e-01]\n",
      " [ 2.58819045e-01  6.12323400e-17 -9.65925826e-01  4.40000000e-02]\n",
      " [-1.58480958e-17  1.00000000e+00  5.91458986e-17  2.90000000e-01]\n",
      " [ 0.00000000e+00  0.00000000e+00  0.00000000e+00  1.00000000e+00]]\n",
      "Applied transformation:\n",
      " [[ 9.83254908e-01  0.00000000e+00  1.82235525e-01 -1.06000000e-01]\n",
      " [ 1.82235525e-01  6.12323400e-17 -9.83254908e-01  4.40000000e-02]\n",
      " [-1.11587076e-17  1.00000000e+00  6.02069988e-17  2.90000000e-01]\n",
      " [ 0.00000000e+00  0.00000000e+00  0.00000000e+00  1.00000000e+00]]\n",
      "Applied transformation:\n",
      " [[ 9.89015863e-01  0.00000000e+00  1.47809411e-01 -1.06000000e-01]\n",
      " [ 1.47809411e-01  6.12323400e-17 -9.89015863e-01  4.40000000e-02]\n",
      " [-9.05071611e-18  1.00000000e+00  6.05597556e-17  2.90000000e-01]\n",
      " [ 0.00000000e+00  0.00000000e+00  0.00000000e+00  1.00000000e+00]]\n",
      "Applied transformation:\n",
      " [[ 9.96917334e-01  0.00000000e+00  7.84590957e-02 -1.06000000e-01]\n",
      " [ 7.84590957e-02  6.12323400e-17 -9.96917334e-01  4.40000000e-02]\n",
      " [-4.80423402e-18  1.00000000e+00  6.10435811e-17  2.90000000e-01]\n",
      " [ 0.00000000e+00  0.00000000e+00  0.00000000e+00  1.00000000e+00]]\n",
      "Applied transformation:\n",
      " [[ 9.99390827e-01  0.00000000e+00  3.48994967e-02 -1.06000000e-01]\n",
      " [ 3.48994967e-02  6.12323400e-17 -9.99390827e-01  4.40000000e-02]\n",
      " [-2.13697785e-18  1.00000000e+00  6.11950389e-17  2.90000000e-01]\n",
      " [ 0.00000000e+00  0.00000000e+00  0.00000000e+00  1.00000000e+00]]\n",
      "Applied transformation:\n",
      " [[ 1.000000e+00  0.000000e+00  0.000000e+00 -1.060000e-01]\n",
      " [ 0.000000e+00  6.123234e-17 -1.000000e+00  4.400000e-02]\n",
      " [ 0.000000e+00  1.000000e+00  6.123234e-17  2.900000e-01]\n",
      " [ 0.000000e+00  0.000000e+00  0.000000e+00  1.000000e+00]]\n",
      "Applied transformation:\n",
      " [[ 9.96917334e-01  0.00000000e+00 -7.84590957e-02 -1.06000000e-01]\n",
      " [-7.84590957e-02  6.12323400e-17 -9.96917334e-01  4.40000000e-02]\n",
      " [ 4.80423402e-18  1.00000000e+00  6.10435811e-17  2.90000000e-01]\n",
      " [ 0.00000000e+00  0.00000000e+00  0.00000000e+00  1.00000000e+00]]\n",
      "Applied transformation:\n",
      " [[ 9.93571856e-01  0.00000000e+00 -1.13203214e-01 -1.06000000e-01]\n",
      " [-1.13203214e-01  6.12323400e-17 -9.93571856e-01  4.40000000e-02]\n",
      " [ 6.93169767e-18  1.00000000e+00  6.08387296e-17  2.90000000e-01]\n",
      " [ 0.00000000e+00  0.00000000e+00  0.00000000e+00  1.00000000e+00]]\n",
      "Applied transformation:\n",
      " [[ 9.83254908e-01  0.00000000e+00 -1.82235525e-01 -1.06000000e-01]\n",
      " [-1.82235525e-01  6.12323400e-17 -9.83254908e-01  4.40000000e-02]\n",
      " [ 1.11587076e-17  1.00000000e+00  6.02069988e-17  2.90000000e-01]\n",
      " [ 0.00000000e+00  0.00000000e+00  0.00000000e+00  1.00000000e+00]]\n",
      "Applied transformation:\n",
      " [[ 9.74370065e-01  0.00000000e+00 -2.24951054e-01 -1.06000000e-01]\n",
      " [-2.24951054e-01  6.12323400e-17 -9.74370065e-01  4.40000000e-02]\n",
      " [ 1.37742794e-17  1.00000000e+00  5.96629591e-17  2.90000000e-01]\n",
      " [ 0.00000000e+00  0.00000000e+00  0.00000000e+00  1.00000000e+00]]\n",
      "Applied transformation:\n",
      " [[ 9.56304756e-01  0.00000000e+00 -2.92371705e-01 -1.06000000e-01]\n",
      " [-2.92371705e-01  6.12323400e-17 -9.56304756e-01  4.40000000e-02]\n",
      " [ 1.79026036e-17  1.00000000e+00  5.85567779e-17  2.90000000e-01]\n",
      " [ 0.00000000e+00  0.00000000e+00  0.00000000e+00  1.00000000e+00]]\n",
      "Applied transformation:\n",
      " [[ 9.42641491e-01  0.00000000e+00 -3.33806859e-01 -1.06000000e-01]\n",
      " [-3.33806859e-01  6.12323400e-17 -9.42641491e-01  4.40000000e-02]\n",
      " [ 2.04397751e-17  1.00000000e+00  5.77201442e-17  2.90000000e-01]\n",
      " [ 0.00000000e+00  0.00000000e+00  0.00000000e+00  1.00000000e+00]]\n",
      "Applied transformation:\n",
      " [[ 9.30417568e-01  0.00000000e+00 -3.66501227e-01 -1.06000000e-01]\n",
      " [-3.66501227e-01  6.12323400e-17 -9.30417568e-01  4.40000000e-02]\n",
      " [ 2.24417277e-17  1.00000000e+00  5.69716448e-17  2.90000000e-01]\n",
      " [ 0.00000000e+00  0.00000000e+00  0.00000000e+00  1.00000000e+00]]\n",
      "Applied transformation:\n",
      " [[ 7.60405966e-01  0.00000000e+00 -6.49448048e-01 -1.06000000e-01]\n",
      " [-6.49448048e-01  6.12323400e-17 -7.60405966e-01  4.40000000e-02]\n",
      " [ 3.97672237e-17  1.00000000e+00  4.65614366e-17  2.90000000e-01]\n",
      " [ 0.00000000e+00  0.00000000e+00  0.00000000e+00  1.00000000e+00]]\n",
      "Applied transformation:\n",
      " [[ 7.07106781e-01  0.00000000e+00 -7.07106781e-01 -1.06000000e-01]\n",
      " [-7.07106781e-01  6.12323400e-17 -7.07106781e-01  4.40000000e-02]\n",
      " [ 4.32978028e-17  1.00000000e+00  4.32978028e-17  2.90000000e-01]\n",
      " [ 0.00000000e+00  0.00000000e+00  0.00000000e+00  1.00000000e+00]]\n",
      "Applied transformation:\n",
      " [[ 6.22514637e-01  0.00000000e+00 -7.82608157e-01 -1.06000000e-01]\n",
      " [-7.82608157e-01  6.12323400e-17 -6.22514637e-01  4.40000000e-02]\n",
      " [ 4.79209287e-17  1.00000000e+00  3.81180279e-17  2.90000000e-01]\n",
      " [ 0.00000000e+00  0.00000000e+00  0.00000000e+00  1.00000000e+00]]\n",
      "Applied transformation:\n",
      " [[ 5.29919264e-01  0.00000000e+00 -8.48048096e-01 -1.06000000e-01]\n",
      " [-8.48048096e-01  6.12323400e-17 -5.29919264e-01  4.40000000e-02]\n",
      " [ 5.19279693e-17  1.00000000e+00  3.24481965e-17  2.90000000e-01]\n",
      " [ 0.00000000e+00  0.00000000e+00  0.00000000e+00  1.00000000e+00]]\n",
      "Applied transformation:\n",
      " [[ 4.69471563e-01  0.00000000e+00 -8.82947593e-01 -1.06000000e-01]\n",
      " [-8.82947593e-01  6.12323400e-17 -4.69471563e-01  4.40000000e-02]\n",
      " [ 5.40649472e-17  1.00000000e+00  2.87468423e-17  2.90000000e-01]\n",
      " [ 0.00000000e+00  0.00000000e+00  0.00000000e+00  1.00000000e+00]]\n",
      "Applied transformation:\n",
      " [[ 3.66501227e-01  0.00000000e+00 -9.30417568e-01 -1.06000000e-01]\n",
      " [-9.30417568e-01  6.12323400e-17 -3.66501227e-01  4.40000000e-02]\n",
      " [ 5.69716448e-17  1.00000000e+00  2.24417277e-17  2.90000000e-01]\n",
      " [ 0.00000000e+00  0.00000000e+00  0.00000000e+00  1.00000000e+00]]\n",
      "Applied transformation:\n",
      " [[ 3.33806859e-01  0.00000000e+00 -9.42641491e-01 -1.06000000e-01]\n",
      " [-9.42641491e-01  6.12323400e-17 -3.33806859e-01  4.40000000e-02]\n",
      " [ 5.77201442e-17  1.00000000e+00  2.04397751e-17  2.90000000e-01]\n",
      " [ 0.00000000e+00  0.00000000e+00  0.00000000e+00  1.00000000e+00]]\n",
      "Applied transformation:\n",
      " [[ 2.92371705e-01  0.00000000e+00 -9.56304756e-01 -1.06000000e-01]\n",
      " [-9.56304756e-01  6.12323400e-17 -2.92371705e-01  4.40000000e-02]\n",
      " [ 5.85567779e-17  1.00000000e+00  1.79026036e-17  2.90000000e-01]\n",
      " [ 0.00000000e+00  0.00000000e+00  0.00000000e+00  1.00000000e+00]]\n",
      "Applied transformation:\n",
      " [[ 2.24951054e-01  0.00000000e+00 -9.74370065e-01 -1.06000000e-01]\n",
      " [-9.74370065e-01  6.12323400e-17 -2.24951054e-01  4.40000000e-02]\n",
      " [ 5.96629591e-17  1.00000000e+00  1.37742794e-17  2.90000000e-01]\n",
      " [ 0.00000000e+00  0.00000000e+00  0.00000000e+00  1.00000000e+00]]\n",
      "Applied transformation:\n",
      " [[ 1.82235525e-01  0.00000000e+00 -9.83254908e-01 -1.06000000e-01]\n",
      " [-9.83254908e-01  6.12323400e-17 -1.82235525e-01  4.40000000e-02]\n",
      " [ 6.02069988e-17  1.00000000e+00  1.11587076e-17  2.90000000e-01]\n",
      " [ 0.00000000e+00  0.00000000e+00  0.00000000e+00  1.00000000e+00]]\n",
      "Applied transformation:\n",
      " [[ 1.13203214e-01  0.00000000e+00 -9.93571856e-01 -1.06000000e-01]\n",
      " [-9.93571856e-01  6.12323400e-17 -1.13203214e-01  4.40000000e-02]\n",
      " [ 6.08387296e-17  1.00000000e+00  6.93169767e-18  2.90000000e-01]\n",
      " [ 0.00000000e+00  0.00000000e+00  0.00000000e+00  1.00000000e+00]]\n",
      "Applied transformation:\n",
